628613915
504174342
462473181
889552576
669496946
376623051
524587982
767155892
842359452
524648521
842001477
180407066
991461223
398905564
775284280
757643432
198826178
684181217
737910391
310315661
326755465
241950622
68110522
95152704
386215683
825358398
611702563
282035655
634515316
423876149
449334312
136189769
587197960
863209543
866148086
132938124
997078541
983403066
719216322
846901065
752397750
665604453
78469664
410271032
871150611
838633313
378982680
251101685
121744282
815857487
401840409
608061627
24875
645140558
893305792
309683245
632865781
485646803
305336587
455233417
131775094
430891299
932932486
486346014
164744133
723962882
875868175
988312353
140992408
92248825
382977197
308671817
493020546
588761793
492506833
778430262
170980749
226046756
819326970
671885822
737018157
305743297
276337019
416623172
880438242
996485181
218589019
34428666
429678202
441466730
122915622
964875667
21510453
571500454
457218312
286775735
240074194
250974313
667730182
661813303
445458090
591973302
93131313
862129706
628132915
963175378
161364281
747036458
237104330
120736773
235182398
349111352
87575840
80456517
922356502
724748860
902208411
413961207
214851463
882698014
240762559
250307021
392880947
313339887
511363167
59311045
629019849
614655424
361179535
370983880
635291488
626024995
104062912
120159075
72651264
715824349
585375260
944698394
358884941
284336977
856918820
320170368
194568089
775108897
327915877
520414987
870007149
530956252
956774878
744234747
299318206
546235708
457022467
90780510
939801205
630781073
714004591
216164971
254462276
710434451
689885084
59376734
750593832
987594602
111937779
249929795
573125681
843813361
517672380
676561982
112231826
220476678
387564401
681245654
450828222
207271722
169808559
561155168
298157488
229986171
502771211
476897863
476285469
183601072
209329521
847002374
550989922
215415591
466922792
643054638
434117865
431215931
842452780
24741587
135208142
726196128
373275430
852200745
111336663
303358528
3111912
55747651
874459480
135970109
66320122
279578726
872133572
28141080
179946629
276582856
844239786
790489668
904029772
107717908
590525255
699360558
428225506
861018007
170246193
840809469
488126822
785463785
745730968
977521556
570008666
247225174
713213347
863268104
254793936
856706718
956413508
818850035
593730341
338331694
763101934
232518814
13406210
838878636
169332887
783676885
843618425
372541676
247177328
604818905
991122244
905044605
551813583
606179436
131036574
776690544
561734816
643105099
334593822
263867832
36890254
705794445
737772213
273650109
372201413
515281545
939660479
192185520
798369350
264417413
668290928
372159527
769964326
950276058
778599802
359683723
64643333
21830170
423088792
245486261
520774258
116392405
244973259
41318442
521921282
631112567
728916247
276025095
180516948
182232664
173068126
55079272
329563833
423698550
67478486
14614473
936182803
4706062
493221109
296150438
57169447
75389125
288554125
39795508
23947187
491819106
740031342
905652481
960925062
82400797
356379287
753765390
328230837
451632717
199416004
597745481
6940869
853748911
216679934
662422271
545720650
894791084
579886200
457880962
689525425
615016745
413138835
769803592
542666603
859949729
850562638
317707046
475693078
432285087
385472656
916513677
246418338
405503367
564708368
216979566
217238942
238554000
93345366
910850065
499695318
723343892
516741451
686835865
621306759
640310608
21150141
255163618
699045113
300711080
781844809
26454668
442384178
700185745
631122331
293456178
662004018
341292538
415481835
769065786
411373151
143157887
182588931
614417072
668219730
715741439
35188095
594917501
79863826
45982783
740942872
954600225
351267034
569353585
773728112
503981620
965148122
474277229
76759402
485133560
881882479
507254757
836350513
306187439
63485125
329979860
972137201
748484124
360055539
234200276
36075450
617566661
282346136
584169074
539091129
891379066
129791154
334794143
712140712
155591601
652986555
994087509
414517177
955295310
396096628
680793711
78184597
429598125
458649800
331208522
127272602
61030191
605390602
595786933
687362206
896705494
604665889
879640168
328299589
297242674
732597244
855056065
477877403
955797396
528088219
337859391
167085480
910797752
566336857
678294109
883430507
964353285
653512574
604955956
26248564
433830927
837971881
709808483
454967083
621627308
503199718
293316889
712679136
477897185
66791089
636314531
315495932
648804980
976685848
482080224
440398227
452752507
802865972
473829723
31915956
258438789
468901668
955344446
518846343
473728853
393206692
47311891
146545892
462224003
699961123
45073358
616894099
145218566
164276964
484865781
340521467
369577433
676392983
873318911
54598541
939828550
558065155
44049841
406675161
780598985
350723701
427686972
634333484
811065602
246997136
64832755
550514814
139366922
859807740
784460301
55564073
826092527
69417466
394075381
885312216
646691286
176225718
173244312
587645357
852845146
109847462
750718011
914408761
353266738
938734024
134662230
169602524
506009233
954558685
666862969
977026173
396627950
270455699
935343484
876034036
81971088
517369939
895265229
206461120
785452983
53770744
172620044
887232160
497462287
804998637
148147107
488910968
858846948
146020723
159980522
463255053
365681622
270981657
101062612
574106840
32036153
79059940
386984398
610593249
182891200
99127293
968850461
237604072
913066637
44084191
576086833
166672474
734034331
676935356
136203703
704070798
451294402
919932317
236596463
766678228
22310291
799605000
884297355
479777915
208251776
509574375
637478607
253229313
369096188
821496370
687941186
356082281
554834060
326833339
686689480
428021316
205525599
582388265
528262182
884145962
96398661
902162426
923673680
87109292
861486653
598277363
630957360
470853918
115628550
239335492
955251600
847085080
619745314
7910439
737399618
896786245
755731245
244873792
522830161
711868268
988642478
32514381
713837907
698796546
662788232
43749890
845432901
548543014
194223715
235522107
430969209
904440816
786957189
283753770
830008671
727130774
265164551
159177836
701012146
224444213
763939826
489729916
452879216
500861617
337756779
624625661
373692593
610213644
371203530
434127884
299782302
534002176
558266235
240405874
852523860
718218356
288292345
184588536
200876226
424970966
153281686
944178209
153429318
266577658
519730239
408626554
65773734
990515139
98052645
354015105
830472616
602248126
479379396
118493754
924937852
160708185
657370751
647939158
367393470
580376516
663070634
37736838
214362314
938432307
186197912
158131204
257895245
253941339
242260523
692866548
557893144
697338120
18548937
745254974
867097772
324966968
921666391
579560740
519010395
852538078
712471221
290782391
259363898
444728128
867021621
507867387
888990456
496914798
442025296
311292841
769300907
740328181
958202101
597743255
442934650
42764314
274527080
612879186
691684458
523272364
849921393
324659774
555661924
816307263
872891268
523879450
938653839
94042376
995586092
903828254
866152349
405731419
582458079
236679902
540440237
704945363
908722631
173838979
245746705
693133474
516109852
276909103
254462012
744204973
971192485
644578606
621177171
300149238
509537763
948792578
958358181
348194893
96434054
923180599
545422555
803839734
880839122
367138541
100181501
104409276
389812517
613128767
495936178
111894910
740593190
983601235
354707234
976701788
375632404
957051898
148691673
777136342
354194036
6292508
705441709
868808602
992558734
461738817
759073993
6984158
378737530
396231284
16636949
354507250
588794441
417762148
670682075
799390287
956667230
259030363
811012186
315513610
487266687
767354004
658941016
286866085
188918060
941143660
569217611
211227604
912137380
770048062
698250452
303875598
437219078
126197240
730677789
370817009
316489760
995844164
140255281
745192471
4687029
741716943
980818198
929585374
771107887
716626299
895779913
682880473
563159418
330279967
656310706
285132637
280047313
220751988
716865290
583047718
970162503
892509883
920792435
633525222
48923087
331522731
227189758
363688880
456779316
443885839
36406009
381092494
279960090
494866297
555224119
674077079
712272529
235902830
374331872
15462803
316287344
653118514
783763843
433167066
287429679
430657448
488716491
241530289
375589524
493639842
264993328
989849578
889531331
650465032
706516706
889438377
850915129
801853419
619681454
961202915
768882526
244412824
582353646
535095998
837298516
463296290
128639130
348930557
411488607
350513840
30744570
563039523
738269246
724293807
827953946
544807516
774158419
793162026
352440592
132444562
952246389
605590736
407855433
382314652
73840620
733221335
742982146
966745234
154816408
958294845
431453299
16390980
482181226
134265405
367028781
694103947
776561484
153586710
999026809
142921089
555109879
865580117
866447581
638941874
396883313
367960350
584503169
903125084
287796191
580335868
178295701
594269498
568107773
565475020
259215444
886331881
475792938
465148218
31730011
984038900
249426917
287838928
48329123
940284138
885973155
339352592
387419084
970180431
544133326
151607863
18023400
964201679
235223527
343037544
787926330
435369478
220660338
15888622
951513955
469941855
839869906
433050840
418457949
862269867
49305904
90976190
542440768
569348154
1330822
352010469
916236089
746010045
390019403
334695418
464525975
261368184
740096158
230405423
878002929
919953493
315712765
126624559
628763358
117534798
420389798
704681304
19613109
2453264
497497723
293927324
41746171
505982512
875188541
474297458
965968772
876153936
600378230
288619586
854589139
267690621
179647793
494462199
604518378
84071694
900964083
890926996
168938393
574557795
513138981
405154214
188703592
654163085
405946935
904461366
158673057
195175793
519240136
377442366
274487540
265046083
640553114
908218095
940989232
783744501
403494580
845943873
499925799
827927140
756863567
869629111
943180778
856926563
923475851
929422124
400762133
519213004
656696545
207071778
820432974
147758083
957493722
965593471
320597569
459705030
99663802
558353976
714864455
973811798
514657973
514801121
192757910
497335483
477916600
245814616
910383869
185387699
770067207
674164185
728273831
355647088
81906040
362136768
707763499
103989825
755886639
909072650
641780306
170572986
185485277
702099958
781871159
227075788
942697954
740995198
641912422
463166817
966318867
267048444
827445855
252611049
644956080
805324994
433778068
815801264
734064539
835890580
199298890
722595694
773863176
674698577
900713687
150868322
923455797
883081402
885203778
461028621
462381802
914046148
108610813
644035008
49322573
273951673
838977345
352319228
901785268
181261288
581216528
64235839
704156461
314544425
63696566
535933645
603210806
282100707
476734259
254036144
982202237
400285375
101604793
65452301
380590924
145255694
440605384
817790074
31096735
76984270
154749343
736189900
582278370
646420049
292821763
40042572
861925643
420703733
413302555
401031381
677134308
28555416
647978035
773923324
52246813
474783340
276847868
692615521
867180911
905176852
102838099
321930267
661081259
197679128
734957938
409703216
478231661
403228509
538867982
127988949
455441387
568172662
425786112
504188252
430843736
53000741
805333246
811112670
601157736
178328293
451194414
599592047
946053635
899386206
800282096
250792859
476239574
991306339
22269635
472273127
344332283
829389385
213540803
478527917
982156390
278323313
160130141
251924199
872918111
582212478
400850428
450535661
729830559
892596569
235150146
578331229
288254588
413843555
815279044
254772156
833777631
397387145
387778597
727564535
485115031
945183081
897423305
927550904
188639300
235330910
127418834
492791505
131274543
533496776
423039477
661539742
467773526
381233052
174648886
160846560
895111082
160487580
497582532
120465181
143230764
114719726
919108403
212200747
939055805
860490189
8372993
313712212
815790748
910118860
215670748
611813816
593535631
223109835
448679603
241081908
480290263
292131526
526139280
862124345
996846146
950591012
120006405
718053872
432844204
526721515
971361365
763452004
644956533
598332589
858218707
848003947
316710301
867292354
788096053
981250332
489872351
228758331
551521262
131702314
182219863
885025822
857316229
645799052
270353771
296458216
336936782
68178832
176735320
773005722
190664878
979811119
914193051
285631048
141868184
350876697
939834132
504891578
517228072
121971939
180708970
829840378
249043842
752614332
475335972
830492036
157824950
498729072
783038304
715922706
477969459
16574957
465387679
52164349
181953256
632631899
338676303
82428619
285159088
507811910
389270617
519728973
204795776
60815636
810602415
863582068
302818097
980239766
98711698
843529656
253411121
373523453
400736368
490123196
894098065
524419508
442284841
216765442
716134820
808960702
913204448
503349450
918579982
47031067
831086584
681650611
23506489
205346628
343689272
164974738
176177108
331651759
271560818
526428024
45580805
221211639
87787412
793341934
91022942
352011310
880284800
725088305
601920575
482934600
202203007
711005683
485848708
16798189
916481121
7972955
577423977
275564691
48203007
299261187
892413971
89129396
49770979
65950355
694316092
375115827
706891973
397280019
649770673
530326670
354294731
683531985
896095717
574624973
419565783
67199188
780102360
469465264
191291290
467052171
896051634
657029062
145330789
45260603
833010195
304060988
761477822
642181536
509299900
188743284
274255868
893871785
41818103
3537337
727408563
265483381
956448822
59954705
789068558
394485982
669013501
901148719
314985115
247788357
574066175
807757331
957053169
728539937
870074734
603012006
929776867
370582432
113797664
575040757
284019092
455667525
71042426
385396264
22671543
658778675
351315144
598849405
893567971
382208637
183643518
44033402
751861544
128603666
179403719
787966504
869527830
788558159
118229759
503566041
790127756
470020740
438561094
553543386
577286973
32128184
793202452
206009253
389579825
82144581
880368324
91856397
994030874
452673945
278708457
377890666
442625649
960318320
94677940
221031695
183645875
896743591
897460315
602031929
808437524
709006941
346261625
548227129
268047049
174684258
701128720
891906425
11584147
21521217
591901895
628265286
621235258
640253941
161251406
597137845
450182645
578237883
150290171
712525873
632557553
2697881
262921526
560094681
184495690
103964385
196919394
668305565
275704481
918318363
741440445
679212603
719260376
671689117
623144811
605511451
915488487
272054760
267424100
847551283
799468898
814203163
677318940
555614734
679670905
324989534
706360627
4163053
725653410
588312155
842017719
145691388
737003743
328890080
940169058
963134426
585775733
618748511
318219538
831984642
390965349
139450975
802769625
712120232
874094863
363725353
165591802
915935601
990021567
508340957
700136223
705381848
336552310
60171949
868237074
62228846
19015695
629629618
558465417
165293973
424322793
534091576
558342502
264137926
448663616
858889556
962080523
275093512
678804751
383170664
664790511
625275927
776411048
701999443
463523986
497326144
54420084
510731393
371182860
390485500
758004232
116435374
601006257
862282325
178364718
857344227
530769875
437494313
283212237
290421876
335392647
544522031
81465105
705909908
778584607
584244054
458591193
109111449
121541780
604211426
21574097
841276038
679194833
787060520
869362481
358498693
891877340
322870567
963880547
64103986
239749733
243353126
615796129
449919505
42802820
284684894
54358027
876864811
764690526
712783392
378760290
618006099
442216650
463517885
367573997
94377458
311335296
255260180
590864320
165913500
102178604
234279687
281088080
106591712
399314036
949596819
161502128
135036240
425141488
478757193
459069492
857537080
217091224
851179464
55677743
104616456
756351834
617859624
10315134
205325703
281756898
784879956
737735770
348739413
673376426
432116354
90139563
926025714
572963576
333945013
70917159
967246366
144044294
154824766
911464707
796872817
334980381
555027246
719059933
783553879
131601744
17480558
91534302
772621832
100416655
521792318
413039098
278572856
639862964
853401445
83579591
468908801
450603878
579975997
277060145
478322879
925345569
202204066
121819524
615858268
674347192
175714303
562573318
339867485
442876043
370452910
400634607
552024166
818222601
999141115
612987908
169229797
329106955
360053143
985442486
333214347
525046633
514953556
624228731
82067868
778916504
813406754
59295009
362350780
888340593
550640739
656921370
847606764
652520538
39470135
872056531
733379732
761590297
929517409
645935221
704188469
616983044
243062861
741079349
531923975
149515962
693325513
646163788
152428535
401996768
554295978
549190169
390525641
682718964
494412537
164151695
463450164
664038440
880110675
240899088
611336157
587576286
869258346
99832152
952385934
73630298
250077014
968834130
754839322
302686174
227453020
970094772
712019757
886046647
378581946
220032402
858178842
323646154
245671
59645887
657111298
857236352
768829273
39234958
492390858
591498060
254305991
455592996
912204642
522460366
677666428
809304661
660824085
535191561
82883878
752318996
107793167
504648392
113080433
798080213
750769192
879116084
608802634
277846942
574755543
177507656
117733930
161017480
573345909
979010683
343892185
474028467
295665239
676785771
530291789
204635158
637358083
97718283
940313945
120107498
806618244
470344265
732570833
684720533
396800444
308391190
335888016
797221855
625433938
424145700
635111351
215385850
392874682
875156430
553135774
962536689
573465714
506685664
910070622
933008050
287485714
363301645
361929290
921877321
11648398
695161733
965449839
19225129
832144851
554132204
590741492
762663528
595382458
111246450
893269442
236999873
520127012
379722824
132573782
775682991
784872946
884533624
670554412
741138936
54300467
619091232
727394202
243133994
665404390
189668287
803028492
656617116
660585515
152955759
642159870
74954919
356045097
555825391
945246602
103192493
461833767
179787994
913752552
921156897
168916883
495387134
135015397
804305653
36689549
540517045
5405456
907430234
854945343
378280614
107898065
852310896
54649002
511752992
320010238
146697478
389801929
839079337
865983852
476687346
394029392
905686403
713245468
771669840
845901134
515772488
481880979
240481569
154087915
799074504
856087927
594046063
994952261
40454408
932370686
557899443
986613748
620821444
407020692
629846863
352102616
888803111
543827931
869926497
331980767
292406503
6014867
74541753
918707942
276662066
12615939
228275942
200772610
485776873
956106033
10904916
964450561
641415472
239451124
320624964
652709102
154525940
880933116
955671408
809200658
950062483
75389594
419649387
134662164
69055247
532814093
114378794
858878329
233788389
894811537
551592227
153926028
664025767
531560024
637434927
990948220
455773547
143771099
100598431
988486173
847930010
628680135
540633663
563051780
235411058
645428421
728925274
273709008
494372957
907397504
188293723
869545561
167236740
935704046
874000357
70348090
19861206
954487862
312093614
368651107
370328319
496568552
588609952
736051269
470190394
420337352
276860111
498802925
729979262
260372873
67837524
967314705
495556079
932310248
378752873
104947706
923811114
202915122
698821955
319650149
799824266
209747854
213773607
594844413
169893442
146217058
492279543
923393822
898823438
880292885
178369504
788626823
325062361
573298280
656055984
344212499
151417766
931516647
262531605
71848063
861581885
745806552
587762920
559827838
114167860
540991449
331143369
702194274
669289537
982056968
284589475
590264268
185347957
293063544
473616271
739938661
564845003
107960090
705476698
693587026
435463025
929743206
543726919
543239126
222302671
665208200
131324572
899657740
423283305
791359111
732868152
219126914
146333340
374902772
160671354
176963891
512183114
532749798
925960667
659253316
743989722
194302730
46516250
186898741
13398921
496357581
923654783
851877930
311156179
136144153
513578943
584267703
797331478
288787328
509057494
225665413
79054707
685068483
958463935
664423375
801776028
112456969
128763209
511716905
966448138
605991445
616315112
792324312
248063723
818359292
700194637
978116525
765351232
907391730
539042480
949770829
332600181
988360259
328637834
748167269
867605479
19261280
350500643
445086530
743366841
328972786
331070898
792135008
140173518
698164486
409748107
607967742
999518482
459504745
534519108
437828249
266721510
853080453
777409530
31534476
647612607
377452517
212284036
374698918
236290851
545429912
927464329
173950474
852541770
638566710
763779645
485166503
879032859
493102355
819907051
758614439
800279429
11613628
227874294
132191786
994710596
336170364
548742188
698882944
244341704
724995092
118946967
104082023
445435617
236866990
433708378
421763946
321321085
329791764
218418507
957636069
573692462
425932682
19126768
487605518
217587627
367130893
166659651
236215678
240291313
128293330
378174064
579271456
804736126
347589185
984880162
546166431
885147706
831893261
175498565
906906008
83175274
450232353
730356107
658886618
405444369
725684646
378962851
987581369
67166678
473481023
651934991
328157600
780378195
679053683
64808487
102729162
499582186
375428527
933498072
18657066
492039820
361538227
102194497
216266768
286910598
783618018
372327760
612701029
120240553
243974140
94792691
89384638
657199319
502833355
369471146
238528613
479303661
8723216
252743581
517641510
920486550
329602818
13700387
305975559
266871061
446558368
746952342
701235910
903242970
982746392
449704957
76173086
923326744
127285892
640053901
599029250
614441539
454215213
891123042
440357943
936319800
769688764
778762416
572763794
551117089
715014914
879880835
303560053
18311762
671776022
149732047
988931771
565175120
52301919
730754456
605812052
892127036
299361251
679042702
588108368
353612796
775270594
605991808
168449932
408075572
797061890
834273820
280819761
893361718
273182304
472469481
26543005
437310610
31840136
408543016
538002914
242608335
769265232
199368911
122231839
564334580
498182087
291501329
710820020
579444007
258599942
898206020
627474371
529569331
733753810
636670171
753174146
912961831
964147142
925682906
636291807
616653574
552522208
139755502
87929834
49257966
857828134
460239893
239644495
665297636
933689028
845891754
767899239
453481064
443734884
314174475
702480449
763426593
905244672
944235091
3803637
713169387
703209874
73529381
433928444
133786514
489164221
515362559
781960504
826343378
636621591
726039752
956364205
582859931
676794476
155792507
921301186
336714043
277436424
601225465
915586105
14677553
898188766
361624638
806538417
438620159
878788913
534694957
366237113
724944568
296762164
733447358
356697138
115826507
580703581
746706942
192468772
494273523
524895635
381557783
660195224
328288240
815434894
584455273
386508892
926444673
303202600
428283014
851910051
507217667
477486861
240638742
759176073
216954534
368082457
358919823
95369286
749257029
323533812
65920209
492699455
450451618
519869735
162840263
45800111
798013535
696957264
45879872
23330814
955013286
341034484
941311727
645082335
836600480
337520572
193582042
78472720
825782572
681706585
788828460
805406
168174690
996642249
110786779
719399302
909190936
46814517
978588453
877518028
239542910
559429747
657412381
406619909
789003468
513364033
851914553
427741183
840147088
272481996
84060701
375772627
402828265
948821865
376151246
745772379
337432658
50779126
462812972
496160286
288050284
929490649
154858088
549295520
16609942
4881657
235469175
587168241
292081056
826988255
506495851
866399065
911695323
908435201
40852770
4103774
309547870
163930580
840807274
798380826
268184062
830945702
578440978
911238637
849985504
649976369
956746397
646209025
40940360
587626996
311166332
590948132
3500588
13789638
593080881
309820392
834076930
382036506
928945667
934730833
331853915
206738272
832322335
387676268
668387299
667449434
433529621
742807702
166869934
524909703
57414317
119455657
199595838
742894104
851330255
2251135
90642689
690912085
749768221
117667848
147856333
391035630
981359381
741857588
605469270
774789586
336885769
763491483
337901201
283953826
51340838
317888374
195448677
954649416
854212509
595182688
690495524
856898979
698822067
693697050
761131886
394181349
459832108
620344101
178955750
900426195
408407077
234906567
730109334
806135378
767797493
564011168
901000441
637177851
14350781
970410168
291112193
998395004
912748325
813573954
823889290
990785928
426169808
287375429
613086056
490580612
103047915
766570939
770026998
361387244
980402326
646500154
423497473
828202973
910576120
969794793
512778375
436246679
150816359
695595923
882816613
397475994
644807320
415041564
477193268
186518132
226236099
624455451
486635434
774379234
981050107
522494192
918156397
515817111
723220159
570989506
804695641
489700099
142894863
298156173
615296484
456497136
911413712
208004032
254443739
604242477
267917596
990140829
508165709
113285401
56928866
435276613
383477983
658192671
407221878
805018970
462694572
857340252
598767173
366622881
775510558
412802339
435970281
53044068
204734526
32010946
37833890
348025088
791704868
884319011
973450686
346114851
954654784
538343050
6152979
3513525
207498716
164600030
902297666
78027689
376518044
764287868
599120755
600546355
409959315
93491186
925095465
827138049
86910597
897124721
996099001
384445966
168418940
514057966
596102916
986044797
200076028
920013895
479116837
955114054
910373201
741552782
169123495
669685268
7439709
618377541
402750021
880307649
619072447
184721713
858340017
389752264
99475396
872276078
346217385
652016633
461152979
328463150
663944568
611174889
318886462
496291654
963850620
740190295
285479983
332106340
142905754
989355473
470558312
775750446
318533702
255957650
205518270
97130108
973318422
532849225
302644825
146607419
588230960
11014595
700285136
729865984
107150032
571750617
743707783
949961386
511063804
333744747
491077750
86986773
509090367
914994085
747090578
821312989
534304167
769587519
225776198
389076167
701386715
411540331
774504623
574734346
560492954
26025750
544816489
752921744
176388836
399777581
323850988
186681558
164060153
98784300
733973406
243535359
336967312
918353366
933980096
688781579
631904424
495527269
388917147
125790988
665935094
565144398
239872313
788997679
226377961
455363198
90505083
544006214
201156651
508157157
136015167
251532874
49065347
689159133
167543335
775373507
425469977
864660649
346894100
509319635
861403366
511091310
57152363
528504093
64867946
127922265
245079420
533492337
377739899
515183
660626954
313378658
135491281
347644607
633601107
169006773
537582720
281786587
481865059
599552026
395379804
96880930
379157801
878883792
701070714
742735247
438705065
509147287
966783162
2201158
380843638
655838692
253032993
36866875
564590965
947669440
326004381
545558216
503836862
732163024
261803856
629218854
733778631
292221604
839396969
801933643
54161045
291063525
653979502
183359009
895801695
592587633
622576375
386805474
139821263
458438386
421633341
289794561
621857560
379030988
911564530
964291782
999584192
359245315
481672883
464112852
519650251
901244557
877680215
347832978
605178331
438534403
221339972
722389876
973425694
915217156
538600692
964060822
569577681
932440396
143917330
491442977
569029264
626867725
792870226
566705202
342817963
491402356
526864859
774191852
471065909
855171615
562599884
486316255
993796150
297033206
759789190
63804136
767464184
565565219
41965282
549812119
560412308
382294892
812301724
948077273
250095160
183367637
576735359
48117475
601344001
348768857
378263906
103155101
575757608
336146809
54733747
751727637
492097728
53407954
759908458
665065758
938072795
121043965
209070213
796631324
994937380
499748671
144429970
835983564
698687795
109307358
310950330
646242819
948859825
508464934
940948976
107729902
384791173
722784517
942233034
626489491
292238106
304127420
500105639
974167081
449382673
905359138
688660840
852029053
313170930
801913460
61437489
352024014
383853643
273554277
396358393
14656764
974316220
118649566
250160673
832437627
503979387
875106326
167881336
667479663
952106331
320176573
452727814
65285303
77825199
140815454
716401806
44951108
204620931
296938544
780412
227720048
265206095
558775472
363840524
611952828
992670792
349787197
726225897
209004683
683468648
198809980
94037099
137759326
914996260
573890981
994882456
511452591
391527577
354679278
423814290
330886886
82813583
615558174
950833028
975245558
733800647
972027415
840208881
279054593
452381989
424546512
279802262
455534735
881717713
632699417
179165205
322696513
951382597
275788293
441563562
283009794
448213751
391821428
659178255
839211327
629820032
418818746
852583874
961191467
64176154
807589637
981058252
540622527
661792489
936153912
118786452
415167674
645984438
834472329
76768540
131677704
959938785
871668336
769589982
195115241
749145855
402523637
95731395
630774581
718384292
747405247
672900842
141265730
770640077
151866263
11383261
683838785
24417011
653230344
921053308
171600460
550816685
200335662
139208569
842114137
974668624
853577910
11246288
403813462
913087498
409350642
923995703
123298951
811201908
938005465
255568840
750922312
876798790
219206836
767375730
216580851
15674594
637019773
847836152
489996270
841866743
444267201
745384692
466204709
33430747
473813609
234439050
903039713
822368221
75104957
256035444
955566452
245218655
174001175
474023588
798849857
555835825
262373381
612218097
498816853
531630290
150676020
729561452
265625659
117174972
139529836
691333972
303567854
138322481
476677679
304815058
748053911
583400879
600115780
39153085
381506022
938705884
252779856
110276238
751988912
412562048
324897003
177582298
136321772
233454187
113749332
187362262
567114418
604793534
740207727
262099206
740185705
67933763
868578553
617563836
102257471
822038579
641601481
590750913
52969176
425848934
776015875
546276843
701050739
316939838
770220496
359418987
843803999
433848667
213021633
827719078
684539689
594809698
893913351
701976505
982830654
176431176
680259335
497706713
832517328
134900774
849677304
482388633
605679298
650196463
749255766
979351384
446091445
175394174
889993010
404655245
119410201
289357461
530042395
452170637
294426255
476088893
511744679
295414976
766086284
229812868
377433808
828588366
35244633
288936207
587518606
337255069
14768275
945413049
680693003
776061000
750126926
308684314
684139441
342079278
226260870
103565470
769162884
819913467
221511621
390024347
196621999
363301142
449794939
13673988
246172701
399817652
964410504
745961469
325371584
429824863
113527873
57546927
223210686
323740614
911266704
767067992
617342795
696992519
213942470
717003026
361208682
687891972
44417126
204927031
326147557
679356309
939531343
105103759
550797995
552461043
378208377
152093569
30466034
470279112
484321792
47420421
725636657
841551175
912870801
248218946
399508170
715824141
970951621
203293417
239278812
531281944
968440504
844483892
325528454
842646243
945488401
521370970
306637702
886885161
434180572
337079316
257337718
513208238
265085271
22171823
348454102
225387593
951289794
148393564
411383054
196932832
249326990
58733583
413890924
842800603
171907473
999398141
151085893
693611556
215367772
123097204
442012183
592870674
57675835
241166210
839724717
713225517
808189715
630387856
585772379
538327709
406002071
251149293
451195879
563505576
328730982
762725801
890605498
967217594
326982144
692989544
573774253
478487005
600856127
791358207
879038383
849412734
249359443
787829772
204668526
348713235
580186774
922352250
984538979
299892117
194745245
369515614
257910282
943773753
550800631
579511884
870021439
321917434
242465730
718025567
797332552
552962895
951183378
721553735
372858006
9924656
890493349
867149646
10028920
976828457
530495766
548840485
233914108
120093201
614247793
50876997
489290089
489271895
574532647
526959997
864280760
334875772
915392285
69321114
179716625
510885314
555747594
677595941
942612959
131217671
429260137
702243839
864056579
873564203
827816207
525524793
251973167
160614749
886879409
837000694
565388099
748278556
944984261
743514043
909575700
719636477
351146779
195306105
339708737
401161765
523067697
865118953
758716120
975611627
789441329
329314281
977935752
132003731
204002648
503841886
265291917
272603717
105869219
804176080
7860337
682188334
795880594
849414308
266866696
104689585
626406814
119496458
693950938
20969310
657066784
480975026
3789638
977063104
723317762
186130543
177660730
107435704
411827519
934427177
156993376
624689834
248428395
219786222
75667002
715250565
513836057
354345506
992147775
637609843
356664144
659037410
30044245
349214925
661565851
864007522
244043614
77374751
163878164
720521158
716258432
357229989
237666439
185296538
800657932
215681237
100257823
670030856
174144162
432744175
986447492
265876231
994686519
58808686
691167216
936030402
415486256
790401835
737323053
878651325
585095743
521122572
751927999
651007071
551522885
274364015
271119794
935911886
644468891
601339585
455646754
60571385
321863730
956459861
832512491
677772118
611464717
331545201
841378800
153947891
756767996
222121143
572849087
702107749
293404402
878495820
297144971
144811216
355853087
43583351
262272502
525805005
937421162
8051335
329289235
446737948
529791017
899953155
784063085
864308341
936243201
224006942
887452087
876679228
263012280
668019532
174179825
119509752
753100968
921689694
291929267
35961855
82851081
355193370
549837001
622843366
307000227
980551722
820358629
839435672
731004252
487104399
500784505
931878132
81550249
497640072
878430647
302262223
607319535
186479968
47239336
461472463
507628404
811467621
247076950
212447512
720480821
579015656
177981027
220527845
153069507
556618247
763686673
57148897
366916669
318586384
833982568
9994837
868769277
729272768
107594849
897957198
146422071
134634408
791611133
673810740
497367230
232138205
420619231
201658203
605842998
894234117
623699721
750260761
251608780
361099520
581742204
833241010
328336433
874918448
80155588
719899004
702443121
312088484
724678830
211958947
609849405
555724931
16217593
860069193
761990676
8936763
74392044
110436631
540405308
144181360
934215519
437080907
117155980
288467551
950717810
205091895
679575365
823481424
258435284
133100501
494588752
804567963
160375075
316318721
171807273
148953439
908113289
624569913
435317135
221244401
111665798
674058161
814311741
19513671
204743492
145525443
422539277
238823426
22267971
234104447
450523896
635832049
153433912
797199225
832512861
810248433
297140188
268239089
797219381
930630587
881934629
773930229
556832471
736872244
673606686
436928261
236036967
111376203
316365960
650251171
371160374
547697999
325540654
860343562
663198180
725584414
525863770
39005980
288436819
440912756
809139793
896463790
960995508
647952753
492601023
767323513
884361249
322940843
248912082
884056273
929777125
828953084
385277597
513438226
83549537
393664802
557907089
886070161
677579082
832391915
254090166
58011669
629920332
854570762
921492527
80775986
785078739
87877432
882317960
255461788
329859776
945217528
268263498
755025535
626806832
727695848
851533402
831739340
809867400
43534418
966984043
751383984
526053724
879058926
174827126
215600638
659711207
119131097
126075488
564022460
444381878
15114776
762864220
111733372
14038272
948607092
517212126
944801848
403568728
353460084
116338753
879242804
926880253
748380081
916869248
183494045
206958497
464459593
277337562
507586514
170197392
207118976
602325306
976830091
991061688
20562041
206860928
499387126
279001819
435579768
459158310
977891055
184890338
699881667
537480139
411120446
36620126
357581083
633546593
401304282
605895750
446997791
583747677
675413777
767869351
389156231
992968734
712513501
444469993
94457646
640905716
194203195
510092161
961285913
992257927
328519601
532878917
89613192
419374610
192164866
442007239
583948489
506146361
946757121
74443367
672665488
482532583
691908994
146125744
909523570
924308573
983584625
545802397
472181758
192464043
908542594
888045443
27336562
647865307
376322204
588741748
110185366
728651240
622628981
131966668
331837308
372642765
700870935
41909937
185741921
299879813
556118197
79831045
803100981
391168286
664178829
36805672
125301095
319680070
744528674
696729618
690236985
288633286
895433174
410387478
426225361
692912099
165581770
518823335
980630742
427551887
78974030
493644458
898118265
62179125
15416071
54856326
219186767
493204373
615981010
940150948
729895728
476909424
773790561
505076123
571113233
392585163
804764890
544373470
537538834
210858224
781814535
134686716
714878764
31346438
920806394
556717410
369169267
617501638
409683949
492976019
256248690
906557807
732167618
948123642
198620667
783114225
616949261
95197896
618559631
255091690
510793520
216594938
364461471
893966515
999640357
871106938
605169188
99680798
613040863
91390819
243117298
962044134
83034512
713775601
158800005
682761151
336286408
407716642
100502035
960303928
74514892
683002008
773038538
181806967
553018048
885510672
667848480
216571072
275992218
278432773
292758610
417044787
348668362
656125796
929044598
81089170
147324524
783609472
898278777
645774324
671931541
179085008
592920591
640438401
206528273
172532379
9543434
343599968
963118016
883099434
737154818
36735442
332827801
534829453
670206038
294413444
705775460
335888511
655504611
108503871
864301692
939324272
358515237
883969516
387605769
932878616
93591344
858242445
887558676
472477711
384560855
505095791
810230204
249135810
344366447
79597596
633877648
913838756
870358406
898944201
699949686
83159337
129145624
722579756
637213482
533860285
200976843
325090425
712719316
140720535
95276267
97534699
665631807
51835197
382510365
877384760
930331577
821475940
704540409
817297050
80610801
839458055
579363748
852010975
307799583
713881863
174315416
147788352
451538040
126696247
687563112
754125783
676808058
689500003
474777611
76216053
466860532
164237843
611305986
853027633
543774643
166481299
410351430
696156876
879520282
852555642
285177162
427982143
282728881
374654950
997660148
963938695
21209380
312519978
830256324
261288953
557785785
209561354
224149781
498822126
914937488
631490114
177281226
811902499
632270107
357339214
915389032
188694752
553979018
795301831
757457829
124762422
153242315
78259090
765633199
658001151
339649862
834652314
287053931
899540585
187544914
463284668
14905442
927367769
328913326
188571865
480251466
749287789
163501977
274484182
382597988
419530427
456125456
49827037
224064654
486352810
580016991
514167166
194218523
387141293
366209104
829979465
672379319
658519166
697260328
568948754
6609979
927050658
973561417
551584014
209032973
233058240
5941006
71716574
516247617
882271549
358842417
585899645
325100890
96598572
649427195
679422812
495442149
102279218
20445839
893135290
63435647
170586029
709504400
747079352
728693099
400973274
839416822
368614547
47335114
57519339
870154505
805163208
499735403
635446833
628021344
727191688
715853942
537199469
601903322
413149061
781860791
373876726
455928694
778246991
177787647
79000945
880246171
595368355
719921539
857105125
513453806
779126216
436538830
54948870
970165101
182246127
260234642
416449899
14976423
484776620
364339794
503810569
582749441
144121737
97142360
201100093
591154435
301411649
170083574
611349951
847110812
104995398
926450641
689295217
351216628
14404129
692729256
8769503
578068477
649664768
447727026
141622494
479298146
28195248
541940089
359110519
517199800
478205883
174443918
960863299
60391587
116967710
839069821
926011626
524343552
132776981
64143763
96058423
721758042
895187465
505534548
825730383
76237832
823068463
567982042
189721289
528817802
647168130
994066922
111420181
385662163
291919389
130467368
876613683
872591993
152931798
385914238
662878197
131398909
440940095
901330031
395502332
104430998
264335838
122158650
189040999
230328799
707401392
586125729
149203013
410996022
427975050
534197567
294249451
57484420
28664393
263092554
335397427
266947060
404583021
125330017
747334803
914976253
759727014
41752417
211843566
394148536
550720415
477185836
106308589
207947509
708022922
279849520
150319966
843769767
732211456
151022622
276693345
372254866
578544465
250153143
846643421
758570012
872528189
252364869
78042211
475129043
557457235
476595305
721656238
527160006
494035436
922213684
706157301
37541237
663028346
491703142
423525816
849098033
442497422
357937797
792214165
612872170
69621230
782108930
348211775
22112914
95790220
349920987
342761370
874119790
695548792
151126450
282006112
236076210
369719039
717213699
706626722
275262811
165185327
44104295
605587835
688035362
758406648
893193635
590650421
82599087
452606431
149707460
51978643
572465019
640908998
533294506
852592605
696607101
719582719
478173263
758360377
927466820
105181307
623166977
796273178
874597806
661268708
294204952
693062863
809993362
845722180
311020119
673784765
352175631
279632392
598634122
871463411
819925546
283327632
120031594
611956157
845859175
346797882
345424350
632962208
709253724
556421771
573098600
671190001
909517269
327892432
555980221
600688108
619691301
426083936
362036626
747014454
202009391
954739194
538780266
208928236
250599539
808390639
485399947
954845593
289179233
366890138
534090238
267379860
753846859
775935928
619596096
622385336
493924473
597482687
741688103
596998857
680491146
811369727
598256722
689002099
442394072
515332477
135206925
302009201
592876238
303696944
200560687
925594347
94389590
226399234
318763697
884659265
613711457
174175171
478094281
526513632
756090792
744409638
656220183
785099504
120747905
762898046
497262807
23691108
221493231
964376549
694450282
400864264
655039426
13550781
580925863
541658956
259728825
121987207
428860814
315191871
552139852
107509209
655760916
33496821
207556122
884181063
336297298
596226322
378581534
79173473
560271977
903446195
475655476
296540785
35300471
546481222
235655943
272212747
348949193
378668767
285000130
809118306
502569906
95417839
428923408
176500148
524645582
484409270
968283726
653234082
393100624
563677832
41662186
4868671
133709063
535077859
695791835
598099698
827289994
804140256
986713661
45404025
19467326
219156220
595695211
618048457
297048241
872799907
230489043
681868750
385016831
302173058
596176357
624826095
979503479
330935738
413830383
425571074
125480132
820784534
463645043
6501428
448446495
635704217
379194214
316191385
861298232
882684149
81369946
303477517
746554187
745664381
502904681
928712232
476792592
670142906
488663178
977170681
824393778
966177936
883778979
909410471
848826293
135962080
784420125
879657711
506557138
264943063
870121285
91794706
688686371
648821646
368558324
305813894
802504591
199608457
307312021
510187876
358392472
571750110
955865748
135116372
138933099
735381550
739377781
938818391
278554002
162252360
651484971
221388466
417508416
45474945
330144717
74837731
703103536
900823134
787483203
708369968
490715759
729776395
179471852
341687372
922958620
789581758
687295126
107993962
272024417
338342693
309100278
367076850
398851114
567324227
784634084
339599179
137042794
668161726
144981893
231956388
170315980
122935431
776966423
972755972
566826440
679318509
950352719
505044317
324969770
675443245
826368554
206920198
142210102
355971165
682087506
495911920
568810557
897523792
287288285
158446947
603537043
287663045
208161473
115219826
743589004
976309282
146958815
503546138
777682715
596397885
310104388
47220436
661458013
731060748
595929546
491827406
690641772
701644273
873547900
901965402
984691126
79793021
915703716
733323292
450836998
93030531
865911785
275013176
636976787
770291550
847793319
27345455
485739333
275588296
275254145
454650345
66733177
712291187
531563565
635619447
942571540
9736434
253019534
256325710
763570540
897017113
550048022
908455245
737700165
13999221
926725050
208161060
862868908
188448114
323421822
846139295
177271729
343240732
323091044
10131231
364155319
667400863
901115283
847872423
320279068
88005280
133608943
918545710
666653308
727298849
528267567
298566331
981869593
409058754
649061893
284131108
865102821
440304799
6707868
570687036
358941064
643837720
570834580
700616316
90755149
819489843
984329215
867349395
953027979
930153588
549348453
698410512
183673989
561296520
581469523
259177428
850879603
732680209
903366532
108005751
845532371
662456627
897700565
214159514
273713905
302024141
388863031
891912563
670737943
83494587
577309627
480121975
347916500
248236705
314623968
421847498
790910821
863646110
740033830
898889941
325099600
523750979
386296055
170913660
17195161
270297474
411996723
812228567
571610225
417267763
498325120
218041288
851639694
274020252
581519161
956208366
948610995
187010721
712145449
117037057
443790479
732469910
20778080
873141003
101974376
815186214
739901815
106290046
23692161
283292980
975252355
697119675
795446645
212932205
464033508
455682433
155470763
791855376
723605888
187377538
365454052
327343012
813130944
507523986
139684160
321770086
778828763
402978809
180581349
847610774
441252861
598482977
832761454
181495473
846503112
621359088
535277637
386803437
812578147
119833100
86827400
734461120
888976306
403340420
674181672
372209103
70743405
802636953
862588357
967554375
768388690
894218491
13523310
756628892
589244333
611277009
804933282
465683292
478984461
816738596
940546182
178758772
597922473
232758255
179100269
286010828
478527362
530252085
912166249
828862836
152657460
957121771
157622166
720178020
219244226
978808311
433357484
580041175
446132218
443952714
183956437
508635682
607517214
15518861
196591381
882001020
631787196
750508206
690508456
563353597
953941754
868373799
87456825
509629909
104399967
98052358
806730169
547842668
800397981
426516166
753469942
489371142
459953911
105364361
168786019
149162400
913279779
332037811
552586771
925600347
13814747
603794908
845759787
343266109
775642471
5933967
516474078
657995398
380836977
673907644
621745672
594598024
71797387
427850285
732612151
791398572
89937154
775455601
947730681
792773197
27958526
813479366
26520022
207932
515770035
966959279
112893344
742167013
879345283
167197813
215957417
442576962
22547920
115007798
577227100
706355153
104053594
935012466
376184672
517013303
862715808
429331497
152085793
750252639
949511918
241417760
915045112
706776649
9141106
755830200
339432892
461956925
431128038
856131661
561362921
90493908
866361890
701362635
307406163
322520489
745636958
223220291
82972378
199975754
526254238
978668400
702845343
209351613
261621068
165566619
457529039
660508882
166674221
264151020
622977644
574343723
709543407
772953970
222230354
912864179
911938838
283489147
67465021
710146256
173210665
977109437
111815445
811950154
76526019
649766154
362135828
694609078
158250100
488745235
82787207
489480487
149045518
497790643
115336912
961946059
744899898
846888379
984452243
961992743
938376512
891091391
908312474
677600209
879414815
973504883
621400533
481438386
701554307
663456889
855016566
349933182
353458785
964311162
269562153
568495055
843324667
171011127
494620321
325889713
777145469
493999137
849215669
803102990
569528346
507952477
23771907
673564343
278700818
326569466
49165172
724686132
183121769
994113738
421796879
235341233
988092085
909222435
319054812
664931634
803020313
535885125
275593216
315501949
858291802
957279261
865395680
156365577
119321435
499817747
536287721
165337173
994529443
962187309
915409538
195067631
950130481
19025323
351194775
905112603
502459084
108557751
524293662
730311991
415907055
728261829
320795950
368025228
472653530
40463334
833085621
772637029
781361342
12970774
462562717
93961178
744158440
528241373
424884358
18760089
994288644
642941876
595291232
519680175
628107835
943607414
765921283
183602051
538345750
544163067
480578992
795856822
793905771
710579257
734982577
998738124
481464831
324341246
696688113
621022216
454910975
466171780
403591287
376954013
441597078
175093837
608543077
668354339
965553508
391847688
558097204
156847089
455766562
830226217
868254303
482606055
133505078
683114980
891704973
505772056
702137963
638137386
201913031
660364546
669578666
701200400
958734454
499892723
843156898
710712289
794115009
879947509
480146804
153756084
900695270
888511971
677287658
768925958
881836124
524199861
185023541
660442087
810848838
867080983
91537026
219019527
660196929
388686475
949868915
319492715
907128462
989710617
134621398
92280100
20262705
843663290
355142044
40102164
695522238
814931742
551251625
868166300
563335889
216100898
908066075
214988751
244267125
616172023
587407499
297690612
492451498
790241582
692980399
214418107
868721333
471556045
924467748
153122876
769561651
857646554
613556963
91139085
217401671
260167211
955965774
167389387
510119356
544240857
209424885
584015547
46463876
486704588
72885222
856381605
945590011
153723627
782740509
658088191
28572720
11915436
144385761
314675683
265337741
609363797
427451642
705701438
634170375
189368146
772098216
142764698
563106410
392029153
959280952
24896652
609284419
736628601
906290678
275131033
511445325
598897958
482036183
554017756
339590113
955891906
760327328
940628974
435432246
127975357
91137154
897516023
457316963
815060567
650156079
589121508
373151175
331846098
542234506
217299117
491668353
403127040
912454771
532037346
593143012
219778661
333071966
554835762
200608311
144541643
107892478
184416112
386260560
451664421
267961616
790761405
145213724
77694746
462296755
339584792
949240412
831739681
984181242
78180799
672364970
747169884
1728858
435754275
693228801
43444023
148896842
433311431
67952770
558869766
877376738
309721403
900804083
268861135
93935927
54273271
14192310
599943311
192369739
737604977
714446604
911068526
826903237
178111100
177067650
51406127
34660952
625606456
539210995
575585810
251684211
817225523
203733342
122998321
911176059
263030987
821837940
120543050
422391114
84401668
887806806
253366385
4906786
884792482
444609953
398736648
662680328
368699617
892969444
949793107
323895873
327997806
467366890
525832887
121460942
562374532
631572722
234696914
562540116
967227433
248752640
416777766
745734778
56675760
141531799
345389773
283862324
885075883
368251403
559969884
858903317
565927628
743798649
283243036
91562360
992850650
472012693
666017051
901199119
922015595
716123352
500823823
464928972
179792749
215726045
610024005
27880890
801983172
198107297
587050481
952760442
547023162
625322703
63242818
417949126
391515500
179043702
299379911
397622230
276265979
276387661
653986508
187038357
30229234
224896004
499997653
841059552
343914066
982580657
687833434
49365945
301953802
252971087
110776080
26020579
349255864
910861251
367970802
413211052
632822087
567957208
248673594
978590276
697664485
758955471
63187598
537585334
36840041
609817648
758892694
288286968
411867271
464438524
654444035
395953918
225622158
694871394
515119276
434723338
615303837
897489504
692779572
863404752
428765729
17696743
350322296
555269355
530910330
385566506
19299113
258293600
371785643
476917489
71228938
469114539
144839
65483947
167691196
11861464
221886186
637967738
679235171
337768360
885919331
463066797
618754491
376814018
56118239
550373140
230470828
882761645
735210954
108649365
214741442
391721698
657723414
554305449
373931472
659086377
544810838
179992075
773265426
188471063
761495212
933300868
815452004
975655968
799554580
261777761
383223921
306413957
993372847
977740610
515413025
320135108
853696109
44864103
654100380
740522322
838998542
171619714
261077921
623954864
38376570
817338591
765935675
433154807
855310105
202120119
234008483
203254568
946950418
63469813
382819969
254665507
500904652
429897907
231750169
312359136
622273200
804441499
804294470
336202114
5605022
678657451
416510220
345022239
48815061
863685705
274353811
72590767
620718975
774830247
743477885
177043960
356764334
872307509
483761601
179770032
541821188
608526999
539215914
519871940
981496834
497135675
469091449
202376615
281093961
320249702
204518118
122324465
28883783
797176242
757718134
150708215
448631986
195754761
933331627
335581450
988872990
551873068
860375226
222424273
193324425
632696370
656826108
712010051
11683095
241218999
104535084
885434851
128874648
905132963
509205396
262770788
472700961
948265424
919384840
595966531
365760854
858401945
689226268
145553729
667301612
756087786
990050430
761791406
608952820
242147781
680151242
538934277
675221335
662654375
403143259
99660898
904651092
672614803
335428196
705330254
82136895
684185874
248131794
765293792
815284352
511008735
46657699
591020744
587610781
793507097
164474370
150406975
869208895
172656465
74773244
423323447
545432635
244971170
460066365
194922077
5266475
247638704
382025103
374831160
15616906
74534520
431174492
424438893
403561998
227234011
512156917
248128077
733214117
187234418
642069495
257787324
357518307
820009047
132267750
388632446
435777701
109859612
1275972
255678156
369620695
392780184
156840528
162568992
800447341
878756483
465009775
975270225
705068061
677564386
456984247
361838855
457183442
840355935
489533080
504209870
471305823
344527669
746505098
567482918
296730400
496736712
223150465
965872520
222865929
414537335
806144120
852730219
880589362
259245173
281076556
548981964
265119478
588831074
608436017
668755029
207752671
978893048
24899603
179438304
892039735
753525115
919791418
452266092
870476848
217554574
261235308
109252809
566996702
503066651
54137748
967163654
514756292
173547324
58364055
883829282
201389752
379954919
212131320
390771954
240980446
982946889
853553343
884078893
490466636
317876224
632585937
718745022
396321232
348562160
505883884
974639378
8135377
178215891
319805274
56943628
206068453
298044471
546943942
951514820
316487128
651102004
247553701
967262614
915412591
566383085
42927259
161455823
103537861
613699408
549344112
797919921
289310025
141499016
767106144
358800606
473831471
273604904
7633208
944020303
442007902
708865236
43965432
5574029
642173527
573932967
326482239
287641475
714933583
741449581
869705609
197883176
790114087
360786425
947347553
356609047
566405376
668001481
10502132
267509734
830165866
266786667
57511731
601325718
734122565
966538596
731463830
339369979
52608726
988102713
124427859
363110417
436313175
861337952
30400111
768214027
759616024
693152530
626042650
700890198
141389004
544474474
946915400
388095023
914794532
818241703
294689056
747153170
713942869
943851101
353397695
158945534
957803149
891952014
376000102
355573280
905632418
1003207
477430415
337426965
497950909
809529377
28923996
449149744
107692056
403048726
852276061
252343615
277205479
92612948
591750442
588123971
149077857
79527542
444885236
151173707
114349747
69896591
177293816
173611087
852191797
95129038
413497388
913984449
236092741
697877240
929070999
963884271
471244915
63113285
336158750
766755032
197902783
241447934
121993594
696122700
132598946
547887761
504057220
285791379
867137556
344119520
935342295
7183681
733452093
984024323
793790122
769617220
966875641
447909464
480190107
975252232
852717225
705257543
457827636
674901400
729090974
310277890
365253412
558547718
157310921
294416760
32710065
152360351
336283621
92300488
193576518
389520286
872960944
297186677
533856343
986180657
267820800
121220430
220105614
869667877
113933884
85931296
879207412
985999471
192989874
24788427
88161819
142518765
670865023
308000907
363153269
843255067
593017479
22753485
48947719
374250522
387703043
552120348
78761331
665004609
746154313
454161946
362185066
691199224
338016767
896019721
609838403
4417009
170822461
184018621
531143110
880862279
931815949
791361654
473860422
918530632
375146817
663927504
378391365
484663380
207565215
411944042
673807307
151709270
946048128
266728775
327942455
743900122
798775904
203910779
814801214
797724322
982447647
80503596
449970349
936553503
323063396
540141655
852724433
969789955
139330928
658483016
226466262
715797644
901756431
397768505
314744915
2655716
645971977
181498584
885137442
473469674
865195781
232392418
248901354
49769656
507931447
182261264
566509270
814937819
123614611
156359249
501910578
971791424
218500203
738056755
475733676
388449739
610055515
364032159
30500687
211142089
64229340
586410722
573600676
647976115
527715554
419601420
312888676
24567738
708258070
465791691
643505342
936550950
973694820
754014355
105234173
187577173
459162366
666611972
838118054
34202455
863259337
212482209
308648437
291325635
20914945
972547991
717684861
853424558
376016826
861099830
420212119
470696230
130925077
648283633
29680987
635065439
765098867
100975308
727413381
30935553
438191284
176154031
151765762
408667786
434471343
567827045
531244446
157912721
429422105
682208152
432567580
39456048
525549209
167951011
574693620
195316663
534156511
107337475
373477504
979016103
320287713
966213245
885308747
924327039
209458579
339699221
569234775
549045107
246054329
77867493
976404525
310599004
648206228
538902363
105789747
550137118
463292405
108797748
747234346
567304766
90651621
829466367
713547992
280114325
598206129
137166035
510427520
821297559
307161320
496982834
383296188
263622493
66531720
309261789
600682792
561425089
550973546
265043798
537593855
495793463
587429812
666330377
68511652
915178537
814631388
808188156
868931909
140187665
326179213
94664846
103586441
335226131
263480504
549362540
438002049
737506811
959385960
628036869
431861468
798099201
41202927
414347754
754019795
546001705
192733327
160850236
338594588
634604433
403096597
692405330
29336675
803427987
84425517
358875747
788066396
692431588
553802956
541815975
368624180
422011935
943481096
197762892
769436108
786797756
775530068
546332140
382103871
788521691
784674092
950542176
53712919
622566128
65259092
921173384
937349205
236407143
562134099
172331892
344990444
891113082
722221302
913475445
531028213
376457805
708075193
492195833
667658226
118382568
686382461
92998661
781170639
423500785
34270340
147874777
382920091
774616020
761559347
614874569
879961929
686764264
73909762
455608627
928859542
737812479
498792156
504174889
733076181
781312155
638141969
796449630
755108557
880156839
377909450
941252472
489623263
143669400
225366540
486300402
732125475
214000641
920793916
669123657
452988772
803048338
123110995
924417332
122718093
119339288
225512006
851563912
861175150
713368725
451879216
433605212
147485323
383054047
57987396
308401436
761264480
984186078
70312751
35102302
541633701
645953907
348591362
510713645
553372232
867471471
566986744
69592778
497397335
881480797
461042316
564758739
834753578
579325594
581403239
974558218
350580891
897164208
928968040
45415153
435427545
474066752
61269922
821200433
384979307
298582521
604020147
965281913
983445999
572333808
645189860
313757872
621187581
935773169
371076415
582716326
870186461
322308402
63574479
60116339
513185188
669031687
541064613
975060833
3350955
292021178
750411702
901944618
794324031
379251472
841735713
490722253
787234288
882930929
713746271
721326455
825479658
375573865
504157883
529192535
841592948
954845236
900945180
564089218
600273835
22102495
622228419
758853248
57659273
731079594
631342631
674566610
29329822
276796276
675275423
785788447
458956628
87930632
355257226
179711202
241030267
18741954
708059691
758643084
735571783
598608307
265779929
472022779
941169188
885743148
953994297
517619603
107725019
411016842
163874605
92190524
981150809
266013951
621265671
481398792
255810813
322116770
424070923
548241414
287758912
859726406
34808441
590049750
892741543
514943641
471699976
554459740
558834291
861008167
108035421
114114546
635889950
999907055
845149991
178244974
254896798
905563289
676998042
284229512
167366410
401043681
929751495
457726006
760755942
627062557
736689767
560733784
839999689
378330728
163867395
414465517
195319161
747113414
9828611
692619669
189686592
151632167
42613510
926571925
641225223
48479758
837861596
165233824
727375134
828948897
785428999
772801220
32265102
905827601
229928303
285719307
832898241
215269607
788862893
108981920
432085470
242693774
867107605
910363802
691831944
390695778
880982776
840593485
322111433
290002305
488480979
591167721
993399607
214761175
638148577
885750919
947204925
256265356
489837704
974192041
67236019
44463139
921218681
851377285
704321946
73448359
538594208
9917465
488219126
295540524
496570569
709764203
375875361
661728019
663023722
632121418
544508901
663327122
797359238
902990986
943207368
380633234
106869150
737104905
794622963
241902712
979626275
495122286
349013614
804971422
246760799
912881547
675009895
885403015
634743283
345084315
275219029
448614277
12388132
425184374
135929844
622766166
440742644
387571621
499717911
979245682
158892139
566977909
801126365
747839561
974972183
419775973
854150136
677732967
768005686
143626853
822814669
895259589
136759816
981699397
645899653
816523095
424221371
390836386
463048402
534349445
688955108
465529047
204177714
157218054
632532440
215524782
316478376
376457391
224490756
16136879
691910068
334407994
736257185
193322156
223195738
653046436
300683506
351013364
412407745
849444139
341632147
165850496
926727987
847248753
562390305
764900369
239743636
240194796
84786516
125879164
878321659
793802851
858407419
382584187
498915682
89490336
657489485
904390773
104512995
994011625
357307346
79763461
641785461
921162445
5763263
271223140
377147360
401380476
56223525
963285688
384263648
945981383
791115722
403443750
402512930
967182634
512029645
897937489
907830573
875615794
209472880
244210472
793655426
268952414
230420175
442489296
320726687
471858746
438442402
393185024
978614061
116564506
993100773
576346643
410144665
231761424
53704794
676518541
723923734
498850276
713880006
312656373
397463378
440248959
403207755
301760167
299169681
672304697
620505002
877252327
528353408
981781839
511708673
395273757
930066942
641639852
514949393
779670016
759488661
368194495
879831204
879965135
62770539
434829109
585467979
547883341
551698143
582493312
886440330
129696200
285165043
984460465
587895225
583034002
987579865
648771149
624207268
472606470
148374739
615716992
945333977
258109388
499357823
24495229
162701493
576854340
975704476
47077252
867461924
134276418
805921917
374082193
654371654
340295021
935995152
182595026
903468648
588161563
638145772
625845823
56614521
614005678
134653357
779453697
958596951
88957207
186345497
707451341
920439175
586054804
622841557
970547402
45550193
649699294
442264593
584212412
277979111
458790298
965338675
893508083
621465055
689625127
589832785
595332435
771295430
390119472
833515740
712178946
471504105
284797238
909023097
923538540
774725917
130066025
807423256
228464429
982793096
165527123
119631877
636725335
439343134
360429776
649945899
219806918
690892491
761805363
991985671
401312698
986856369
512205631
319532157
443811229
403677048
331035286
546485096
216591198
164004490
738835017
654445670
581301262
907588367
869867568
984136278
726867634
483532104
258270687
724494592
820863096
52733273
776213534
304057418
691922141
910297052
397379423
581564747
417574268
829810576
177233029
632825184
436742488
538188470
168225473
875795277
909756039
75108805
538844827
261482993
762966937
18403748
499584150
838986630
783742515
966917772
837290992
134328366
275075022
855702367
651149834
571257012
79928860
196842514
593244706
64661443
805665948
770040271
497494215
816524540
308178340
114237413
478366124
386632588
517721680
170743961
876281735
82315814
438919194
845257479
66003915
659714232
333791956
799058023
573684808
403555459
148668924
809111997
67752300
536801574
361178819
558521163
474982130
341750459
115867947
242574649
840331373
903523122
732488320
848029181
514930155
852404694
715519909
59538953
383650899
443055711
456019111
363683791
557622593
395006432
98891961
347350818
274405540
835095568
577841301
239219551
977839768
218897736
974106744
456657460
442073556
68854478
335133050
951667133
32598304
137324510
763501476
426631965
440031378
370095180
2967374
247848571
247286922
928366571
206938317
860599023
780165385
237257225
93432184
469599536
934650911
297082285
280327869
192668333
465630848
840585891
381109118
227479321
135611748
497600815
981471900
166463343
872999725
841162327
37091476
443689194
468901860
864180421
466776667
725004480
875436786
388078421
988558914
424787236
428614172
858114774
277902633
28514372
294336316
122256318
158217422
644756661
644155661
172809898
725111219
860025022
589083875
873765033
255568580
228469998
919931719
300599232
567905298
613184872
967768205
488404593
66640615
752057502
239846812
778791027
133508150
553342259
6903573
947660535
913701256
48718902
995974176
620559059
56089194
693098969
368508943
182636858
20382974
184835559
461416197
448600537
910050481
273347902
217260847
117762693
998023400
467945962
349789863
478920280
896140387
311688749
38283887
636410794
562169556
706513742
158576283
483107773
939068840
575595565
340088683
849821295
495732701
994481951
564547035
502679860
154805219
273336870
937374627
148480953
987776613
952792739
204869765
197469941
950916988
135510822
59501540
780288666
343053129
985603456
489137261
913081572
529624377
381947036
555457630
269773380
362536287
315703004
582632518
977300616
218696880
117572653
280888763
347222732
781892178
583063989
297012876
787242679
713865829
381967128
504811399
684185882
840776489
763504706
444463887
723293188
679210740
319101743
498493104
598985139
58011623
104194488
12713745
377545197
271768780
265019656
118040898
332046110
983034061
799407412
934044310
73841651
722017646
96862791
733667090
493956589
967126149
93010447
344483822
311059014
508938342
945312048
189132817
664392685
203785391
583940569
877736049
54879700
324539034
859655434
601291002
108128873
289180382
19368736
54964599
220497421
693721053
304799898
11819867
616507385
649455650
579392265
811088329
256496995
659298334
714328526
402196546
406788685
472586001
231287871
537022279
325413827
216500439
655047844
230968707
120689405
395144694
140168978
886555403
579431371
209772015
865316397
956617403
731936676
965323690
313359466
819758308
788600923
851406763
64448135
292860028
694003529
83698313
470118604
551771924
181350329
649972699
971242722
504363302
930956710
588805728
98083717
928541113
104748746
838275694
47947347
894219230
715428119
205841940
666479252
244140791
101243981
926079228
90284395
283761186
113744750
10797761
259824686
820604387
154468430
515192103
389659863
949820763
436167680
783130111
272949040
179239877
359329053
673153633
269418030
363212141
376306810
520760245
774909596
583340724
551205420
3640522
871762516
284527055
555056725
982308676
836669594
456031414
855170046
127853142
820092014
949009120
197313055
378179773
311535587
738295186
665054210
636600053
259319726
851460957
831132718
867671180
759903084
625845627
74352094
927657679
635306103
403649519
630327162
885477171
605346221
368181527
661139447
515414895
481847527
968451752
18603988
739940233
496371854
461665036
129852568
611722569
383227018
361387633
168939301
254760466
711980044
195441822
446493378
333382231
832656406
493728343
324516555
265401647
914038566
220093962
265018837
388330858
245039327
917945313
614021697
352441344
740478165
847510091
179725509
817046866
108171944
84906219
66355692
602184832
569479536
181285068
703977189
314720045
436859288
686934441
552836377
418709035
583538011
262802191
225269856
139813946
139797993
84488618
419230035
459542045
385271590
216606833
137025695
5791234
883013438
878986200
943923
778610973
909536564
939916960
373217217
480623404
968532148
62119621
131556527
723457302
651975075
501303597
876519879
828433115
36465292
322207847
378529325
152809356
677861812
686326103
607286583
291860987
509897850
869359213
640729178
804095302
365296567
545711329
711398714
912586939
750066457
216509928
334799610
408288170
274425885
271523019
298218094
530092354
314598202
87619504
155718396
826705533
496744239
656136271
595371419
198140242
26837800
289027795
184758109
129859574
150044667
305948512
588138147
388409586
529697458
226329331
274096400
494845910
383939817
595358317
297227697
729123381
480222515
783978506
437779255
448331629
647050428
884728003
639576712
470518636
328507265
542361551
268525019
102349992
644359932
521098743
748594215
262034570
767234979
968072172
89443589
440756913
996578115
401511521
470036440
550857481
578182304
322863508
13814200
648104297
198854727
951573190
831517104
169161508
292572358
942230026
188518148
912141759
441775375
379572202
643509596
674597768
834601700
750160296
721128569
227004517
201308856
699447207
30010733
788029620
440840753
643338033
67712397
860270680
135596587
548007800
612172400
396277447
731174158
367384416
695658244
295460780
795278466
514015492
209727805
130158774
249213446
601514528
973340130
102131340
751340301
998339870
691075950
184350444
592484810
1998315
622660199
363097477
121600644
919335673
747947661
814377650
909700076
695926829
983427352
538786140
727987416
513855798
514189467
480604229
236647775
200771653
944544931
892907578
583351806
925524564
80059853
848882126
596388514
114204982
351949128
239532478
899837273
26660856
130423824
666246176
202974533
141925279
719624330
302807627
129020346
739628116
125093070
506122088
821886699
151497913
218942013
833867745
397388139
345731466
365362067
896911303
415106881
567619297
712445920
445642764
773101998
818963654
177511779
75431533
55501360
570304764
855126008
430865786
578911237
736242423
409626371
422565718
30568350
882481834
586457307
64550258
399709033
682155222
914364776
415499924
58718234
58410543
742655447
416622781
911494574
67942884
82651863
707608403
614053962
11355868
846104608
16431131
93509137
604780533
758705842
962713270
163806740
330277568
935231348
499152822
646711677
828448488
447606315
619009974
674098085
216850076
416974172
536778008
820114300
968378613
743421909
69428150
978485052
324553639
623828193
660041752
643736125
634372636
693043248
320006745
227380071
81223312
956396115
660892322
372871897
161785935
964960288
408341361
928905311
44224799
763072838
284798761
499169192
120298953
169098469
576040871
387124638
188509689
314736008
551648899
89263341
722781934
533933606
611018380
335637651
111404291
971801600
629592445
553187052
826191634
336852562
213038560
848385331
911456058
890703894
185896720
794077212
839080538
781987909
876425035
340412815
378349027
772715150
594809699
105992934
561608472
323329632
32453097
261364604
101290839
805051778
32438351
333687589
971230574
609997810
823808772
464604581
9642250
929048515
838249967
199822521
182574196
860706265
370386183
82413664
664540589
481056151
76753744
75398375
305289764
496880484
871761976
821666672
807108099
721061498
948119259
902538180
761028925
528941996
319674960
402058966
841601570
501509131
756866562
968730764
148965246
765433875
946615732
280708637
483863914
965217893
763969807
346804233
965196875
107336948
621938211
17509509
192767213
163302740
265188209
446226351
478385021
994280191
711354056
527861066
853744731
638743188
665882546
684670233
448044825
215472649
132157362
82627869
332765271
392794538
735430866
719806329
361197479
69543108
994098363
841497718
562300315
997077556
793643663
763817655
615586916
53597513
877021419
526706083
132017544
55004363
514335629
358133567
967170898
982911368
13360131
463790584
753941386
913241903
85700200
648809126
641696818
280470196
918300944
648489546
557692203
127326629
971757459
128387607
359659897
568456075
401799799
457935242
897560523
6810830
353772119
918136400
17055367
218946803
532318240
254653019
695975001
224168968
147005660
250537587
821740187
710349572
424599913
245472411
713459030
452773315
880097197
371941663
911594568
712117320
389386594
253205196
958721132
737905677
73103179
512420370
829991427
593644286
764208080
23252645
834720494
798787262
429115024
695004034
418848979
977552877
791460821
873316900
689437338
713670783
86478199
196926015
978485605
686723117
236453740
677986165
565253434
613132626
30772167
27756610
321417064
466509887
543570606
616761592
156867147
998625238
994913396
205654759
914882648
460626729
762344744
991300876
379500932
578228067
862070005
531806025
963165725
296915224
422177874
135102302
718798870
45679839
314692659
964534014
257914743
863046029
667808598
250598059
558472372
675843134
216787327
406849887
445399648
495688810
527328546
389315902
310832075
632738849
920716460
384269
776130204
363486623
301915149
738462861
935993431
805212400
730917599
592919362
974711073
925864709
948645306
447227047
67883798
925831261
382994676
451868506
299316428
348757016
478787128
901092161
144752372
940516679
568569899
628619481
747341904
798860274
876254048
636100001
688450388
645917621
217745072
592787327
479916544
758825864
406308046
86065601
915598303
551559256
388677008
735605685
11188490
34054606
516441527
140841812
529436472
787014709
464196634
14612493
423390514
818811668
882755153
230877537
499621519
335988538
65317862
516969288
278661969
715695018
869191443
641052644
852781600
826586244
285364554
263620393
314435885
881334374
448566890
627056191
199119998
862089624
359635402
981217988
142627498
674784750
661882971
664499660
140658944
185076593
321579572
808547245
377209062
864802139
223869338
26572399
905325587
479847952
124300119
268536533
755688276
544140973
695352772
438907442
828042833
196781530
61919137
347962688
999063142
400163166
852840917
313659864
351237661
951097547
940076189
282311158
261677415
164656164
789126470
275600918
567960744
576410997
784072774
242898744
431135471
372767339
75142210
802895245
825626581
751165005
255652706
703910783
667179222
936169126
755530155
75796857
362238515
217050103
143070779
831203773
416867922
562648265
330228854
248498307
250699593
145802023
554290186
337193628
457171692
159226962
360916793
617397831
697569678
777360425
154721795
312991581
101347559
715947423
720842394
278784897
919610480
194419097
745724210
130493565
82199655
662358662
251778116
787302648
11425819
339957503
667364738
23153263
933075938
594837346
854746049
910030855
921381516
138470272
317987551
506371091
365718552
859643970
42450502
451674613
25350767
671909665
274559532
547914065
441391101
249205293
145731542
507174961
496001082
10231511
460726369
964237746
582974955
568745798
813093658
295841684
781475103
355410257
452166169
237751939
409284766
530160160
31098190
117241035
432857711
798147384
825693859
652723897
311883142
520407092
886697993
474014307
415190646
89330741
732279872
421900450
877824821
638065861
118451128
740045080
650789301
447454197
913516206
684740847
398174847
153125962
671939948
719706193
956665517
502716110
431969334
293379405
221395702
466145312
720578750
655490202
384727383
369503945
679940169
875422381
493318257
405632618
537161823
283476487
815096471
749757278
726611792
21071224
514035059
934190906
930375181
169342900
826030121
856233659
99243903
391075547
761039997
933740266
366511907
865711229
359966890
384751762
484495839
392306622
420349967
708388734
246820052
863615923
731441502
678540777
661100965
546782624
728001012
323082247
970468901
114885507
397009412
307545043
813679548
665371626
397754663
614044389
492085425
436347930
483703859
516441269
247556126
543789764
289412010
600980672
807685272
777319572
96019389
439322103
228902876
749072916
876348994
148005631
133188017
847063882
533771566
149487973
69889461
312049318
663673785
965180916
717727468
909486894
321367749
128642276
437207218
228668388
968218547
675712679
371778754
818210135
115091083
461472429
696625818
71104194
93780670
696940946
162327101
82916170
17833477
285204475
75944039
398099908
682212934
687313208
416444639
884289085
592235513
113816180
433503549
339539287
622433713
422470619
933067880
414073587
29722127
549225502
735463734
321004151
775794260
969137017
616882406
829155571
400182168
284657536
617867093
567526323
571010867
967293232
278233349
721419113
471973418
711614489
251009129
812352361
478852670
342350495
352245856
898094738
650186915
632212760
980021888
756590859
97681968
882162787
355862747
798067029
662963434
917749628
195095328
730545721
284399287
588183668
736546430
615889899
522042205
539089354
501776755
341372826
364322836
495555562
843975389
675453024
104658443
727015210
587698232
289749033
829296540
592578418
854680195
484177158
323150275
829261808
251505090
319790508
643120029
303212581
887534983
93603348
978998930
554019258
235023137
167250575
799378077
876369904
878522167
556406528
715094723
402677672
39336680
878395409
591577386
666710398
283832289
898325152
750351316
80981684
582598064
123859391
662510998
462802966
378666077
190469057
153979059
529317419
378272271
275415682
704841124
434181076
885869387
972015580
547224245
770382991
770114142
619287861
920809003
739198458
88988053
342566928
612710467
355485127
353722999
74598940
613814114
225683788
234105829
245507918
306785523
749974799
29704865
238952810
972527390
823890720
997688074
863438467
922086683
789473974
578552599
232808560
393474599
25246546
970990370
527450654
716642350
977443249
600612265
760982831
1254935
959903988
538866707
555153904
790606715
614641179
619364297
190747462
911605678
671977601
145848621
438050996
482195441
818733602
588656893
967021849
244317425
26195426
467946960
412438383
464397055
330764379
581556499
102402966
33429414
939995126
828030517
969187419
504779325
25993688
454117018
220780290
211482598
671641914
139492286
654210903
592942733
925598012
109658194
364277524
322431356
135555542
425741947
872859025
475766744
471002141
711553718
376110755
302870870
214398363
213144973
246192668
132561082
27102084
745546099
283506363
693193230
706770829
548789548
587968865
722768237
889770613
285690730
892805415
463286313
240055717
887694379
448355546
317629790
382973883
110490410
777374494
862962226
439303347
223518454
778208400
908017840
26025461
903312325
650213139
555853583
80194969
41759473
137971799
367992274
861096718
611412377
78813826
708492933
698460253
113316451
131067165
36656496
312363188
158104721
72738637
845422620
706322340
649048352
244659124
443461972
657481711
760952047
321263857
488986645
751433566
889452659
595830936
442330068
632370289
557479238
150664825
36821049
873903469
587420461
423908927
452884510
713489587
158562910
957748036
262217280
830229268
20453808
32657337
971288878
990501254
424400501
4605337
915175776
825395568
923142245
765722784
569726601
341304810
845316287
467023526
707015845
719141348
494870982
242375060
896892150
135616085
212915274
467183784
287083187
450053774
508252452
704734557
325259050
558129522
26825665
463751238
118845702
857282176
631741276
940221450
881905055
481287009
78804781
394195129
239291686
85980198
498942041
538256377
665132013
592562676
158435047
426927184
555807609
487910642
390058478
28587813
51239643
587913899
110058774
760541885
390203281
57826976
647577236
355612323
795139707
613765107
366807353
743644401
850900979
542258307
358513090
185083877
757347247
782401858
163835208
527650671
936353369
789105887
966301416
301059457
989224997
120519552
483038078
928291278
41342603
315877329
395476395
229947823
779636958
287048875
637267139
990962207
675112010
470100794
695082365
972754277
516517928
949039214
589470238
124082971
808157230
470773337
742965735
760513408
594656936
216138225
518263208
97855381
247529258
616224732
376815876
64163250
655151373
737927814
864465576
651040197
441858733
347704455
270894439
769484778
517068539
746502252
845733769
489859716
869741604
682052448
963178781
50380382
226177584
17132526
835411297
22577154
357907995
185300163
440911030
778720968
740717117
945919333
669209295
798062751
151809948
902085649
375823338
578918581
284464098
938130139
16532278
660027938
692346047
192242818
836678405
790996837
173418222
646069675
307369516
554271061
545075196
532876133
622250853
198609747
791842504
996657945
215990844
227989136
498399954
220679790
153675558
118038099
876524484
313945916
899900257
208126478
105072894
393151513
369933376
657335043
257691301
891547695
950509503
29739201
569243766
453601737
377612895
926517461
230101042
464443152
931901758
999223832
783556315
927703613
415493068
400489629
317469833
610700354
156317147
753460963
848639639
981835187
943884250
328978698
842628020
196613453
588424524
490687380
893120395
452796010
958207523
424605397
295260005
486688566
329034977
836759389
136635431
170663213
82966940
629137681
729977411
115833619
356334240
497126886
268555628
152932025
429997415
15888654
755376688
222973587
56455721
340423372
771481185
602359229
584690832
631109834
326457808
692218090
484742645
367191543
528778330
510557880
870122322
586643726
520878252
212652150
126768088
438813520
884442808
32115234
392387462
472208562
489367015
694364875
49448215
55355047
19397353
894638786
580636783
675629785
252302543
341078214
978117647
838313741
695750835
364201202
581870217
980801643
973458573
21979938
495230974
250031509
61382941
128216279
847368573
565695319
938916861
466395854
976316867
888799721
194047456
247080550
659358102
611881487
443175989
284240744
63138834
521204492
751543864
829786358
292140251
573769678
57384879
823840878
446127782
429411034
932907288
840306991
280849698
294084775
278480150
133795522
608003880
668994341
146995423
21976281
101751176
618588567
453718541
533146849
948826077
483019953
717914115
323296865
854568195
807298682
820811601
125192397
652582660
337580367
847369951
622035594
214010262
532893686
640141509
996758601
331135866
582818058
460204047
49646012
541703834
184583058
358503856
513590942
376041414
35384624
111311100
628897201
528597465
734149101
362043801
846138130
304470732
530940940
408560167
772653426
364418965
96036003
643075902
159605821
175192726
843903317
221408928
911765142
998720177
443329007
891088146
886736727
136985990
536857431
482351534
278527992
458082757
240292781
133209685
3095957
413766349
897838159
265018626
505151444
565564340
613500058
143293540
223856588
499277448
350357309
91803818
481686167
655849887
533889226
60517171
841189584
366540372
646197394
33126032
499183565
338948477
26309762
533680284
637229704
816026754
620619108
366673982
764695934
31585088
116136763
407008630
249523669
690463097
576540285
981318972
741298139
350883095
204883287
164721952
499333315
274260128
330381050
876781561
649638235
682829528
952025359
650488305
94780813
928556602
999218941
476487014
783483238
241208386
801929779
507294324
235335907
179428947
970299924
547404219
225417259
786459105
920707013
256822548
406069725
626234633
450218825
986664357
376070215
430842013
77543667
691622180
549564760
191871692
231951935
179455169
615066634
649481796
785757294
980178086
303794910
763928040
865954896
583524627
143316201
739133646
756794452
887876468
970131554
953751769
102321270
807219546
717074575
352099437
266185654
660363129
625840260
834899257
687590823
681357455
734051661
164795990
91090442
562843086
276940974
424467915
884021323
622124851
633886506
434081464
85852698
196531063
434733650
907861850
347095277
808368630
968111552
792008318
78466151
461527994
230358178
154600849
331006745
916821919
817494566
675806182
475701828
514394644
289996734
282878945
146352116
885230403
584478167
5068561
696708384
116729419
140583525
373116097
466343580
752951386
349397672
845207254
669418543
941612615
600889242
74146052
131702590
510643217
640303236
179794298
191312634
616419104
259107504
906596337
178011765
933252081
838286035
912128794
621408122
70869725
327197471
859375828
653918845
586178541
804093522
376059794
164705799
452030719
143320420
756977589
147942019
729443334
51072939
144905885
97247759
455235249
359409467
729810161
400460951
651454892
309026492
224222870
809690258
750366671
799964283
930733169
786475072
683505620
957047053
995730310
4637548
657919343
784956921
223478527
401473517
497850993
61606450
223142324
237691655
81971917
342968581
661162857
943559120
268309867
929677908
694717946
535270192
34946970
51560619
814105388
148503420
502280519
441561230
685627298
209852045
465048273
653121988
596427167
225976842
383774879
43110974
87407318
735629253
17757062
397762050
923818289
984499324
520542206
718790541
940371733
269250332
15750422
585708140
148559478
718090542
54800237
469832637
828224704
629123016
138910095
759708828
620635458
303495374
665801809
990525989
942054063
968078415
571535793
491914291
954494647
705781188
906246955
322831591
781376088
396041747
148669858
598517714
825354766
843923664
960545662
338064365
404337331
175339863
31632746
804098699
631641571
720010062
244026679
588485626
288625161
510310387
543119043
659182258
810540044
562217432
782392742
337268596
723214699
384537803
788576488
720172084
71628373
654089691
761308219
801001571
767227076
903564309
558355739
404030386
26744410
800539722
357098716
76410200
790900786
206099583
984621572
279243903
431854933
144968137
284774570
502217377
903419674
278269679
280701268
503321401
347435813
157308335
961229644
791329306
310996286
353876807
377445701
978029093
103204403
111697972
174756983
118405910
885700610
414583051
696133530
609709696
857097486
978482631
47762042
175358553
547536909
339595266
886147817
990821763
944399163
123261794
876466491
445419235
460433299
249386993
591241775
479595113
737000303
828731783
186023726
871282096
616566089
902703914
745508706
484740870
459459988
4363070
93969960
679435569
643597255
432721809
239505056
965754466
262454720
102757919
924096099
474374112
801880431
578378654
698427233
298620954
328881365
191330276
571894640
963762437
316134209
579034003
874233415
670238559
887657393
36045937
928830822
749395162
141852061
636081949
476211776
310734428
132407986
807642300
788943881
449077000
645844024
314116604
264318866
712633468
395106748
888379000
824820840
156286410
360473360
128461859
186328895
750150533
82524201
661003407
745883479
902589957
446892643
647497186
254248758
1138710
202877022
50141560
192341075
375419606
333432586
903081556
154289111
609000339
406606097
372480418
490067130
854444159
508448293
998143809
635530127
492182434
143092588
152705084
123490619
696704357
271817606
775140767
366036148
797349058
652371536
326275715
861583953
997340818
826915234
677724055
945488901
990225455
842674627
301952760
256514827
312199503
634682530
60429055
775367192
351135116
651902845
230619018
638542699
758451214
729434050
825042619
41120516
238589004
978885759
858713193
545978149
409135427
444827275
321666042
326567864
844110092
372469548
755656569
244645353
82250524
902760475
317167120
2532201
171449440
906891188
403059761
956105261
517834785
897159347
649038904
988993562
600466804
841020697
637975844
775971663
921258230
208464821
959039572
254728336
931877279
478920731
76406828
197924495
775353515
505985311
821602378
600267796
447123373
217573774
928113211
613893957
917756725
33293291
864936365
314873530
365799262
255430293
738446054
231929637
759171603
223705554
11656460
40526908
288492949
353777919
594943167
7094276
769073123
945788557
895920171
838492382
326531535
885781374
234491514
256948378
416498645
172798008
236689540
565138144
747203680
364296213
818352053
65854404
667822291
721288739
147925499
94222775
39495497
634301394
620836319
593224010
120268568
825739789
592888964
614269905
440004090
32677991
2455451
730210574
134326353
721758906
957220386
112972846
404948981
269153925
461619570
206727344
723101647
83204756
191801168
733543144
242100361
569713236
7505720
257450088
697299963
129043714
216375112
641974209
479192241
366255209
547366378
660014003
79202359
888656601
321990623
136978200
693986980
471910361
359908921
285262835
417378254
685367147
991318182
71642940
732998380
389391458
448646861
727447979
86887402
944110192
345998349
361682107
354510405
95680803
546034741
1017421
930408930
677062537
909679758
79898872
707910555
291814043
172184353
735160166
930859630
540167907
273337825
462703785
967264217
170381072
81448965
388668830
812476016
129343938
320253180
611422350
746649635
429086151
280806876
382965682
522040182
534144591
172491421
217934267
699121221
340452728
498678498
52815338
873333909
271267995
439514745
903212622
924092678
611978801
516847906
117001613
83340417
698964354
861715058
772601169
419124366
732564831
907411952
396308540
392449443
379253736
325938233
300439850
638274100
920738200
345674466
530004787
742824689
67819145
868163331
455426247
437202115
794032710
513395508
989688653
706952572
813811850
114416804
143695383
537236533
847911176
545217922
914408821
881174396
776821573
317596301
638946638
407343126
500615004
336893014
45547377
890123004
835357277
481925688
691618243
156076118
114992841
34345249
805908882
119632156
628808180
117512180
117685024
110688013
578333410
991732120
820448877
310808985
502028497
395955535
761543542
956536021
903189298
136170196
553382997
914154757
703700848
914414998
801228025
859721697
796481796
27660068
29496543
840305419
606844850
228312421
575768072
416064807
901426745
64063755
789605781
232691730
488391140
317986508
300989593
769130944
376409649
791594754
628211927
793300540
251536711
313630716
224527234
560552339
727904155
816314674
219692503
190124614
237259737
559731476
472115574
724440482
169373017
285445695
191123441
653089404
870123379
368187281
607368916
215799857
667022380
570165936
562112342
408104103
592585558
622390938
847426769
924708769
667670475
162057376
681139868
620375816
889330753
672870137
542821916
903605241
864771206
668094442
208297969
86113651
813618624
556851172
974543096
69621458
836292085
588537418
790968861
972591520
348716516
428094566
460400523
822527904
608657901
444636476
626739529
608413552
541066446
237002187
741169358
994668310
751364140
84553358
788950224
598258597
512872519
956549727
944706538
141344148
426922286
509908105
19842499
741059311
63789415
901140520
678379271
735929351
574898615
979479141
371011534
487127380
361815316
250407404
69533802
915475781
261554743
82697363
709739770
662908344
819603622
787545885
960416501
870929791
177219796
892635330
191903368
444967417
20135580
53800
23206915
76320968
867055335
994713883
889932265
116034735
984601802
572017043
549206494
988521926
49276713
483221524
380393160
840262128
486174279
825014091
828313450
190856131
557996947
929542609
695262558
901725777
247597142
438104668
218184489
307063701
359800791
879049218
736134881
732350209
678784375
947470860
665933323
837857829
461622267
217418039
835276902
377727779
575654020
498694880
738098859
639730677
85608565
772333521
240010138
795176498
274746556
250875799
468499365
92197739
263368993
333294955
606161359
725613023
909054273
535825404
639966293
417291339
549875938
430099359
529320515
754214657
486306559
299334471
31188206
883486389
288475402
906923485
820760917
806186377
920234127
176094207
44476156
276092785
684517183
868580719
933499906
783901946
275218757
311329540
695086103
862971953
240133385
426864608
571538223
28520589
568925377
891952169
323344350
92292662
458398658
205028275
905533193
997247466
958743748
177995181
946166685
964374268
16131596
64725933
76688519
984273209
279382176
728356238
378944457
379632467
897720059
965136120
910471831
873825473
285991304
183126047
229291297
725803190
139888421
599225968
488436862
610929450
400004802
471278592
707980821
69310119
769671790
836680624
299072498
28476303
957389897
552039553
175811159
729086822
145730913
85022865
59726666
31431848
481337167
552909130
297271572
93272770
950537165
10313550
358051197
313063918
260826046
102907918
231956363
60872384
142294629
217650221
794190116
701226644
26439699
187464027
688555861
253309006
505581869
304718340
568980476
228977295
685423777
515690336
381128830
741275754
168839369
103533036
914974454
516502618
674443988
887662156
246784194
157601678
582626820
153087276
82424844
318575091
728824762
348536445
141669509
980375175
833068199
595469500
487130678
764097957
432685661
908233267
203120446
688351101
2495646
335593483
592167975
452547163
684299434
56478621
156520447
834617609
526770208
136258020
81708409
31998041
703848385
413511234
182823344
856938829
461779137
207571905
648703866
767318750
822609189
561668023
879096687
917362152
36354425
762664615
336907273
94098639
699205968
891224084
101704354
949653122
446203045
69908762
32515414
586798172
489253100
657786382
170192326
739654299
9346942
694309817
790471530
934175189
23976364
677196332
281945316
280368600
854695619
927332763
573789831
851433296
93088506
83145214
15186562
741449873
563636071
244491740
660062149
220168454
524874439
234027840
773107774
999048701
353021178
711378756
688236689
152674177
680885388
56803243
912247601
510510318
614493525
351793694
644001181
804304473
769211387
970584111
358459739
113686157
697899991
303459724
367900317
372595517
932957728
322306090
633854337
208871331
705305714
581932718
126238468
322412312
471220845
270835534
318563055
879303204
875763134
671958234
711408070
968012658
309512215
186167399
307560646
927191885
990242860
663528430
481829862
755499765
258728248
933111550
839798959
229527279
412344495
944203618
601219073
870693944
458991019
921531767
67950261
13706827
304993623
277542914
709723990
199505394
980401011
190210285
112711323
225525812
320633387
569072853
268390233
418773504
828663537
963568568
760009278
339310494
803572863
579007531
250161276
176556099
676416977
120262550
359517303
217018508
331893675
821363828
725915937
339957452
977903653
983939942
616354790
190182975
426658626
717356272
892360011
154920689
891713629
284848468
302830495
227184419
249470363
305231646
255171315
661180986
231565820
629197637
750824718
24326984
263163838
32159814
925068373
871230493
520368080
466896284
767715615
855132497
807857674
858406836
378220540
892681147
562451918
464411124
572515765
934004491
397731531
317934881
260674913
927965338
482653788
182691839
173659934
216131321
222039984
31939067
186962419
640880054
715479813
600740364
279856598
672701225
826057385
147391644
862813173
268344456
586266569
874836982
774396736
204908537
647772028
873175593
261435962
413333678
101958831
39057514
755797643
629282416
346815098
875421421
711803150
830228168
210466759
205385158
454951847
707158520
705812240
852709656
435709341
706245762
31015230
665921130
543024974
591546864
639616036
847411870
168184545
99165531
707688045
871034604
532830762
529264770
175292814
369863433
296612187
825259310
405187293
439977417
659262112
373213249
539852986
780879948
825310105
489769226
769922693
978189394
1699443
939857129
50939828
939906587
447416579
156164245
420551064
969794441
737649628
251167576
474403033
746731727
850626806
382807815
236036250
45723533
132864504
926667723
786948834
627030774
424213197
259189985
117518604
331427238
449847831
36672200
526917176
625205287
573019427
813220379
740981436
367935612
744253217
883646138
511555363
652339916
863484779
227934913
61038301
349438965
862289858
254309959
60173218
940407994
676183115
76315868
766184938
577448058
98201495
746593656
484592444
404794725
998574851
362672526
620298950
719611502
81565441
198086115
526429932
294270760
131037433
309607507
572209862
736557832
750621222
725291854
160651467
421026507
523630648
754492360
400689651
775641440
221288104
686516035
656834859
479525120
137791677
790345856
541293311
8438555
776043067
542468257
540448433
909872984
252480664
471740316
91480467
225577430
872054580
827196434
350849632
344705269
118393555
790086556
259056521
272570594
442284601
609016738
662886854
767714862
791632424
899868220
712820682
930659403
543270277
94999118
166593418
97923693
663274671
591327619
390066461
853105244
748618163
731114576
782327756
555399927
909251321
343869371
408866925
132426512
690610357
923294262
403336735
22855059
500828029
834584743
998583465
614367960
54714833
49214498
96662544
342303783
593930143
633488302
533527945
492074484
263058092
652457909
681350198
373553853
185173563
848150594
525191541
779652628
86053532
7718103
408089992
264854697
214292579
880574144
937621251
722001201
939837968
881681755
965996032
71770379
443932474
526599690
884977896
337313021
164070767
395973923
999076229
83345423
666153366
75759270
344748662
50786400
597265085
348436666
822860871
19555669
41942718
879623062
979008263
12066874
515529134
190992892
460737763
748463334
687925737
488916107
449084043
572809867
892690064
125827972
81298727
574455862
353379590
382090007
708225208
597533304
195491928
243854222
349930210
248805117
251856790
380651948
662612641
92043224
652873322
161684744
966181800
736096484
360350767
81511123
498444143
162063018
651872381
980739958
554945994
716149379
649493180
26243961
52707279
894611440
192643416
223501177
675799172
193118875
642062499
567284657
194135369
324432143
142682463
352164253
57957631
788392481
233273171
948089099
221198471
461722901
420280999
554114753
279664955
849562800
493364348
489902418
177574562
765851468
360042356
361431665
535826764
430351679
253092366
159647571
235734643
914269511
834164091
550584056
134197049
903201340
835925242
877370544
942073904
767972475
684947859
983424157
592919216
481553406
931411655
154853726
295466829
262075250
971745903
256672813
594821028
353554755
935065599
704365391
588242999
524001773
202376088
843103544
182151704
455804862
164611566
848888319
380504695
767128376
580609551
561828644
453048801
718817300
60827781
536120830
494949599
756986758
379512616
239846236
956552510
138568800
970273622
508809244
134159747
55731299
782519974
895459946
279307357
579203879
813746368
11422322
599977919
517437177
111404648
738001984
773404385
497226794
252539854
800731312
759442459
102494230
883287877
274920113
108038822
105187045
287323283
74020278
52409809
206743368
518646003
453807813
236971193
619427378
844698186
618398930
417608418
948518371
793023409
35805954
202925896
649650833
741992850
711001980
811645940
416783662
96348753
341010973
584628436
505497425
108142897
474655173
598248130
757853165
602829814
186635466
43087093
539957248
166610177
451527610
908125351
110508452
607807781
608078508
318867523
141423713
915171356
284573629
828725337
681036204
54954092
932862587
81333722
362443311
715427584
338794689
882793302
731757076
542780717
520619376
487799357
664915904
612982033
775042730
48683393
107764442
899283023
772395042
718557243
893334698
440731556
943083091
577982317
675264756
907464189
398283805
853738519
750203508
66320622
472753017
233296216
696975080
863280407
186021110
53356756
543143818
931073885
700951924
58102463
987070324
396461438
746000525
568326252
742068893
397875206
431099580
147863503
269998756
546303384
89216694
521089123
409393755
711941609
200306241
826500864
168802374
615564718
432448825
571664797
429687618
976605060
71822018
270785397
441306504
341412644
362467460
725941743
520417011
940697711
242748270
550427926
167456498
508199389
485855510
547695002
709959492
944372762
260283398
680534022
406184000
648079157
237707569
501358683
918748531
770045351
41770357
729897346
870582828
150564823
566343196
919148310
648077242
706275179
853020279
562302463
82825463
560135603
911840214
430990025
609673520
487581327
904959368
919067915
361033263
418916101
655646601
427268490
965191118
447206463
661248195
782916774
935351351
579569381
677609116
594746948
235961445
341700661
873962493
64824353
482698136
423492192
987278638
646497352
201078308
32445697
731301491
579806102
320231487
497024083
53610045
132667972
795868448
866773502
282772293
835605427
659744014
978454069
697583325
293731749
703112126
710768827
990065977
76495086
847353993
621246263
891802562
325972684
792804719
528356334
725105669
874356309
538046292
791032317
829930973
515617968
786681062
91916135
866736238
948032280
713869511
8503807
985431002
224824437
187189972
43616457
843603504
829535476
566418453
682980363
637565549
677134459
151985324
200263182
179988799
661568943
11518584
644371365
15221480
255649891
768087622
166915817
852126507
602507869
877210111
312930315
498935722
278479384
547008619
734563170
411005108
383847448
379856456
211359414
110188267
516861985
863809579
761687071
820776608